A = [0 1 1; 2 1 3; 4 2 1];

b = [3 5 1];